300
176
30
197
276
131
58
67
243
7
118
21
166
139
50
300
280
192
94
198
111
206
65
88
60
258
272
162
225
69
10
184
47
34
13
179
185
181
3
160
184
200
31
89
117
276
250
181
149
165
187
261
64
229
35
180
185
286
161
197
58
215
238
1
223
180
100
188
110
289
107
109
295
2
21
106
165
272
43
99
65
130
101
134
297
107
173
160
98
187
50
42
200
129
192
174
200
223
44
231
121
62
33
292
282
174
97
293
67
122
35
15
247
189
163
54
59
48
269
218
213
100
254
259
260
20
99
239
176
192
116
117
158
237
239
191
175
161
282
37
214
159
71
57
19
200
22
284
221
133
213
243
180
245
233
211
50
207
249
107
125
241
40
107
67
193
219
67
272
157
209
14
112
254
8
117
105
209
176
236
192
197
198
263
226
86
76
115
153
39
9
15
137
216
69
58
153
71
198
39
151
68
161
141
289
176
252
14
169
50
121
291
40
185
37
161
115
283
254
117
10
48
70
103
182
272
238
137
79
266
208
93
299
248
78
233
243
268
168
250
216
137
236
123
177
233
64
31
231
96
36
279
281
169
146
247
71
36
212
245
159
51
157
235
93
142
105
110
236
151
208
271
116
32
257
126
162
8
164
211
242
41
273
221
117
106
227
6
285
266
126
269
202
249
173
154
267
115
101
192
125
