1000
962
700
489
598
547
818
905
523
851
718
677
759
256
675
426
107
672
192
485
532
130
624
159
668
889
124
163
495
917
123
685
1000
815
792
657
545
801
265
813
738
784
160
373
312
160
154
433
447
986
948
260
442
836
214
907
263
685
960
599
888
275
833
290
820
307
798
450
852
293
79
13
97
97
885
874
338
714
384
359
563
989
645
885
914
877
716
372
819
407
840
451
996
981
392
920
986
666
738
168
922
529
215
676
220
866
322
337
657
849
698
482
525
204
478
932
607
170
544
774
966
939
490
762
566
247
165
796
256
143
185
479
519
922
479
662
590
189
850
670
976
523
427
405
87
4
148
326
246
621
628
677
26
243
937
465
907
325
476
171
104
558
958
634
328
572
217
896
917
112
865
876
755
666
921
292
111
824
921
111
386
939
85
661
325
782
618
220
158
67
489
728
936
116
718
85
553
435
354
76
373
519
676
504
511
579
462
476
144
212
451
251
248
383
479
3
353
333
391
974
380
357
216
271
611
612
459
382
861
811
637
200
904
220
93
878
144
738
863
447
53
885
518
85
804
567
862
777
388
334
942
516
576
462
444
116
876
267
667
759
185
863
688
527
315
358
507
81
1
268
904
283
884
318
284
690
168
86
989
269
897
453
91
154
311
908
314
419
697
115
313
901
272
405
317
412
938
302
479
22
615
547
852
155
944
700
19
837
827
328
737
450
931
677
432
275
317
561
774
913
429
747
274
507
518
768
481
478
721
746
943
361
877
947
481
627
285
418
678
340
343
152
158
229
608
810
595
684
341
891
612
872
836
525
777
382
129
699
264
342
852
942
974
53
832
818
161
279
655
613
10
864
200
819
848
248
387
665
231
929
395
252
128
902
306
749
26
978
386
179
550
105
391
773
48
871
963
779
753
115
489
503
225
784
187
438
266
272
623
13
808
645
836
937
45
542
610
783
561
698
16
21
854
932
663
275
289
371
747
914
629
172
489
487
433
622
668
883
58
418
682
530
899
541
900
382
696
988
106
104
683
419
708
387
421
81
134
637
846
116
403
34
136
980
66
766
934
927
934
663
266
209
615
373
619
917
662
823
981
156
293
92
426
472
813
634
775
158
353
166
146
127
448
193
551
641
896
642
738
350
742
366
622
241
346
522
804
600
158
240
600
986
703
445
733
735
877
350
960
398
245
810
858
527
909
505
6
214
175
983
955
616
95
404
12
78
239
403
451
771
689
749
116
147
500
402
37
234
424
491
515
766
348
462
912
993
695
223
777
255
91
816
580
457
101
989
303
940
409
566
482
369
411
634
886
738
704
572
240
213
995
661
382
792
659
166
122
937
514
231
788
673
648
641
913
733
78
405
890
215
14
999
728
688
687
530
930
578
591
769
913
366
530
711
483
41
823
700
83
787
945
381
66
134
946
271
791
463
427
751
314
452
97
257
446
266
506
251
148
369
309
733
420
462
88
431
703
94
738
71
560
706
584
845
880
387
333
741
273
987
67
801
402
190
654
352
841
715
119
351
704
507
503
266
926
972
545
976
965
970
354
480
452
59
116
123
714
837
790
287
611
911
31
973
320
977
961
281
830
624
747
100
641
290
191
631
426
258
106
725
339
665
409
693
59
425
513
11
388
735
55
562
322
301
222
257
790
337
710
71
201
277
98
132
260
787
322
861
668
117
495
715
779
535
349
697
705
194
978
817
794
517
469
450
776
490
274
767
745
218
577
823
28
494
358
508
485
275
340
770
688
9
667
735
378
736
73
809
475
759
500
648
55
571
76
233
419
665
383
252
981
632
79
860
373
894
654
808
48
557
537
802
123
161
498
979
292
401
984
448
419
119
554
542
840
38
624
902
631
767
906
364
350
944
266
578
695
802
268
980
552
933
662
288
176
426
642
628
596
556
512
691
544
140
64
309
929
688
886
266
918
344
390
99
439
588
471
758
550
221
980
524
58
271
253
80
267
63
412
262
416
391
700
677
187
395
628
338
622
303
280
515
334
783
608
301
717
626
18
275
431
804
339
428
195
967
995
878
969
517
903
197
906
21
735
442
594
319
415
58
770
366
243
412
178
969
964
166
644
709
503
461
573
539
469
439
492
657
501
232
804
64
548
788
991
882
255
311
192
285
272
239
410
905
236
618
503
962
733
330
304
9
931
273
444
77
981
795
956
818
293
343
986
380
850
529
306
586
7
359
41
593
672
134
130
356
973
320
256
213
903
252
357
563
528
275
624
79
71
986
389
877
337
977
295
52
491
759
953
921
515
