500
10
380
349
391
232
92
436
247
484
66
44
151
171
358
474
68
431
364
370
55
293
478
278
5
392
132
432
266
410
301
197
251
234
266
419
306
39
37
201
281
412
352
277
78
347
462
495
333
29
475
450
398
153
115
4
215
221
324
347
290
446
61
251
260
366
231
202
241
309
448
232
280
173
111
193
28
416
471
109
369
25
64
271
392
142
455
373
401
52
203
311
319
392
184
118
335
247
113
309
159
485
335
28
146
248
420
306
212
464
206
353
152
423
207
308
198
335
211
373
207
311
390
68
196
112
488
113
211
72
415
242
402
73
111
301
110
264
498
234
235
381
99
208
61
140
429
486
155
54
300
220
114
54
96
8
454
161
403
328
404
425
69
102
138
303
296
144
59
150
485
253
13
101
57
305
458
143
145
145
212
361
253
207
408
388
241
253
292
177
374
316
282
215
280
228
84
193
345
315
135
157
333
213
473
25
330
495
22
300
475
64
216
421
44
412
214
233
21
111
139
415
461
99
240
193
371
462
264
33
199
420
181
490
139
31
59
149
324
405
405
240
416
148
396
90
35
105
472
78
201
296
426
50
51
119
48
160
310
121
165
272
302
310
173
468
218
386
108
237
19
396
279
419
99
128
91
236
303
449
419
314
152
109
206
244
357
226
181
359
238
216
264
34
434
229
447
19
438
68
196
133
337
357
28
199
208
226
82
275
251
216
277
385
303
57
391
147
443
482
439
431
374
129
500
83
163
169
162
208
239
234
394
21
449
69
168
439
319
476
373
195
154
46
79
52
316
10
332
84
93
318
146
18
78
277
233
111
220
334
48
274
58
420
407
232
398
422
303
44
61
50
163
500
223
471
422
171
493
205
469
323
323
411
74
395
438
483
337
82
442
224
196
377
290
353
354
336
369
338
29
428
309
378
128
30
271
376
180
496
273
206
263
373
120
455
119
279
307
492
321
103
189
32
194
446
11
182
252
496
446
32
170
231
55
177
93
52
138
367
127
189
461
176
361
311
181
412
294
9
236
200
456
484
309
9
142
228
238
146
176
147
336
108
186
251
108
354
158
140
168
310
97
158
440
176
385
464
374
244
5
342
377
206
211
391
398
35
412
336
386
19
475
38
33
283
97
43
427
7
162
